---
Mammal:            human
Fs:                200
Integration_level: electrocardiogram

Channels:

    - type:   peak
      name:   interval
      unit:   index
      enable: yes

---

30
140
284
380
466
557
690
808
931
1034
1127
1212
1382
1528
1661
1846
1938
2048
2179
2267
2379
2555
2641
2733
2908
3056
3151
3241
3328
3419
3513
3663
3766
3911
4006
4095
4269
4379
4554
4646
4742
4829
4979
5065
5174
5323
5425
5528
5676
5787
5930
6017
6109
6260
6352
6500
6631
6719
6815
6912
7083
7174
7277
7435
7580
7702
7798
7954
8061
8182
8271
8385
8527
8620
8734
8856
8952
9102
9213
9307
9458
9546
9653
9773
9859
9965
10053
10238
10361
10543
10704
10785
10924
11019
11155
11248
11374
11475
11592
11721
11833
11936
12054
12206
12324
12435
12560
12695
12790
12896
12979
13075
13175
13294
13421
13545
13635
13735
13830
14009
14101
14206
14329
14434
14568
14700
14832
14934
15055
15230
15370
15573
15674
15782
15931
16040
16168
16268
16410
16513
16672
16787
16940
17073
17182
17366
17461
17616
17717
17803
17895
17984
18137
18241
18329
18456
18571
18725
18815
18912
19074
19185
19312
19429
19545
19666
19754
19929
20014
20222
20317
20470
20564
20674
20821
20943
21078
21218
21365
21534
21640
21735
21855
21975
22103
22191
22348
22477
22616
22713
22870
22984
23116
23267
23377
23569
23667
23761
23858
23998
24144
24229
24415
24575
24693
24809
24917
25030
25156
25306
25434
25606
25732
25824
25935
26061
26221
26321
26453
26566
26734
26859
26958
27108
27240
27347
27498
27597
27685
27837
28002
28094
28246
28333
28484
28578
28683
28796
28883
28982
29092
29204
29322
29439
29572
29727
29833
29920
30016
30117
30227
30363
30459
30625
30728
30820
30970
31061
31155
31302
31442
31571
31668
31756
31858
31987
32097
32189
32342
32442
32586
32701
32862
33057
33141
33244
33381
33498
33657
33747
33892
33996
34097
34198
34292
34450
34581
34752
34858
35013
35137
35243
35368
35470
35624
35705
35845
35938
36030
36182
36327
36432
36577
36715
36932
37043
37197
37318
37423
37568
37654
37747
37835
37998
38102
38190
38336
38428
38602
38690
38818
38925
39056
39200
39292
39504
39626
39717
39856
39956
40055
40205
40369
40458
40550
40636
40742
40915
41036
41122
41250
41333
41490
41642
41782
41864
41968
42064
42208
42296
42431
42524
42622
42713
42845
42997
43089
43296
43401
43492
43628
43717
43894
44042
44139
44240
44388
44513
44648
44805
44898
44996
45125
45240
45372
45484
45605
45726
45813
45917
46019
46134
46285
46417
46514
46607
46748
46856
47015
47111
47210
47356
47449
47580
47695
47807
47942
48070
48183
48344
48489
48600
48742
48904
48999
49085
49227
49364
49475
49662
49771
49908
50059
50216
50299
50435
50564
50710
50846
51092
51183
51273
51469
51554
51659
51807
51900
52004
52139
52249
52341
